2 3
-2 -4 -6
-6 -1 -6
-15 -12
-4 -3 -9
Bounded solution
1.499999999999999778 2.999999999999999556 0.000000000000000000

4 3
-1 -1 -1
-3 -4 2
2 -4 0
4 -1 1
3 -10 2 0
-2 -3 -1
Bounded solution
0.526315789473684181 2.105263157894736725 0.000000000000000000

4 3
8 -1 5
-8 -8 0
7 -9 0
7 -7 9
-6 -8 -1 -6
5 -2 7
Bounded solution
0.000000000000000000 6.000000000000003553 0.000000000000000000

7 6
8 -10 -5 7 -4 -1
-8 6 0 -9 -5 7
-5 4 7 -1 -1 -3
7 4 2 -6 9 -8
-10 -7 0 -2 0 -2
2 -9 7 7 -1 9
-6 -10 -8 7 5 4
2 6 2 -2 6 -2 -5
2 -5 1 6 5 -6
Bounded solution
0.407407407407410938 1.888888888888897499 0.000000000000000000 0.907407407407412547 0.000000000000000000 0.870370370370374014

2 2
1 1
1 -1
4 2
3 2

Bounded solution
3.000000000000000000 1.000000000000000000

1 3
0 0 1
3
1 1 1
Infinity

2 2
-1 1
-2 0
10 40
2 1
Infinity

2 2
2 1
-3 -4
2 -12
3 2
No solution

2 2
1 4
1 2
8 4
3 9
Bounded solution
0.000000000000000000 2.000000000000000000

2 2
1 2
1 1
5 4
2 4
Bounded solution
0.000000000000000000 2.500000000000000000

#prefer Artificial in case of tie in Phase 1
2 1
50
-70
1600 -2240
8
Bounded solution
32.000000000000000000

2 7
-60 -53 65 53 56 -2 -14
-42 11 -4 -47 -9 9 -54
424963 630662
-46 -16 4 12 -60 -50 0
Infinity

7 7
-62 -40 -77 -91 46 -64 40
52 11 41 51 40 -71 87
-57 73 -66 89 18 11 91
34 -68 87 -32 19 -1 37
-74 24 -13 29 97 -91 -86
69 24 -70 67 -68 -98 76
89 86 -1 -2 -77 -62 -27
769628 -834013 499389 616207 -254336 -994356 -56081
-7 -80 -96 -87 -20 56 14
Bounded solution
6031244.782176187261939049 2821669.525851636659353971 0.000000000000000000 0.000000000000000000 0.000000000000000000 12572587.836079377681016922 0.000000000000000000

#possible looping; no we shouldnt remove S1/S2 in Phase 2 by nanonly for phase 1
3 3
35 61 24
-13 88 -89
-29 13 -75
8262 3355 -3522
87 56 100
Bounded solution
0.000000000000000000 0.000000000000000000 344.249999999999943157

10 10
-56 -16 -93 16 69 -55 -39 -13 51 -55
-37 -27 11 0 22 -96 -56 94 -84 76
14 21 77 4 84 93 21 50 -57 100
-9 -18 -9 25 -67 -80 -57 49 38 -62
-5 -22 17 -47 -44 81 -97 31 11 -7
89 -46 41 -66 34 -17 1 86 -13 10
-35 10 39 31 -11 -100 46 -84 -17 -77
40 -42 -72 -36 -31 95 80 70 -82 -41
55 -65 -28 -55 -90 15 65 -3 -19 -13
-33 63 -39 71 -44 -72 75 57 -3 78
28528 45280 91942 44155 68474 24667 14883 30785 79530 93734
-15 28 41 -30 90 -50 82 41 -17 83
Infinity

#Here Artifical variable exists when Zj_Cj is 0 but b for them is 0 so no phase-2 is required
6 3
90 61 70
29 -14 41
74 -76 -58
-57 34 2
-71 -6 -97
5 58 -8
8909 1051 -1158 -940 -4919 3610
-72 -91 -16
Bounded solution
51.999999999999985789 59.000000000000000000 8.999999999999987566




10 12
42 94 42 62 68 44 72 33 64 92 39 19
30 -37 -88 -18 -34 17 -24 54 39 -50 -43 22
-78 -27 61 40 77 -86 -60 -88 46 64 -94 17
54 -33 -15 -37 -49 -23 -68 20 -71 -17 80 72
-91 -18 -4 6 -17 67 31 86 95 56 -31 63
-65 -75 65 -86 46 -72 1 0 28 25 -1 12
85 -20 -28 -78 1 -95 12 67 -10 -89 99 -57
-29 31 56 7 39 -43 0 9 73 94 41 -40
-99 -96 24 88 29 -36 -13 -50 65 -54 -76 35
37 -42 -75 44 34 -7 83 37 -56 15 -69 34
44222 -11639 -150 -15465 19693 -7261 -14864 18155 -1984 1369
-7 -90 100 -34 55 -1 -57 -44 24 54 16 -48

Your output:
No solution

Correct output:
Bounded solution
60.929682608020791000 0.000000000000000000 477.617439732042560000 65.009583336685608000 0.000000000000000000 399.373333973700710000 0.000000000000000000 0.000000000000000000 0.000000000000000000 0.000000000000000000 0.000000000000000000 0.000000000000000000
